%%Q1
F = [ 1 0 2;0 1 -2; -2 2 1];
C = F'*F
